time,x,y,z,phi,theta,psi,x_velocity,y_velocity,z_velocity,phi_velocity,theta_velocity,psi_velocity,rotor_speed1,rotor_speed2,rotor_speed3,rotor_speed4
0.06,-1.25901340166e-06,3.91503279872e-08,10.0047812147,4.399798084e-05,0.000819701489601,0.0,-9.70108433117e-05,3.78567423856e-06,0.159364197222,0.00216110534865,0.0322941121716,0.0,453.5496368073245,456.1354386518479,455.76127136107027,455.93391744389106
0.12000000000000001,-2.89090858871e-05,2.40345680749e-06,10.0137000639,0.00101000048723,0.00407921973332,0.0,-0.00105874199978,0.000128605823746,0.13793345252,0.034993932769,0.079671608891,0.0,394.67336543625527,399.0233039825512,394.7072179897626,397.72522564536183
0.18,-0.000215101593017,4.47676157414e-05,10.0290412419,0.00317455849901,0.00877105908833,0.0,-0.00572580532281,0.00154383585503,0.373387621468,0.038156229045,0.0750744750375,0.0,477.12808602349395,476.781461036803,478.9114655086953,479.15237307167985
0.23999999999999996,-0.000751053566688,0.000209448628605,10.0538251352,0.00536966385201,0.0129950950678,0.0,-0.0125729883482,0.00416747186011,0.452708175848,0.0332423635808,0.0588705189079,0.0,430.934609394048,429.5668289829692,430.882736870601,430.46784412355686
0.3,-0.00178174559583,0.000575532170539,10.0835564912,0.00729151652991,0.0167412284578,0.0,-0.0221472076091,0.00823075617563,0.538293616957,0.0294911292605,0.0687493205661,0.0,432.0921724236906,432.92696340733187,432.76509670930284,432.4496881349443
0.36000000000000004,-0.00349207834119,0.0012354321955,10.1199915416,0.00904864764949,0.0207145150759,0.0,-0.0352989974808,0.0139550417935,0.676126519044,0.0288711641289,0.0606172972729,0.0,449.2558320383959,448.59928005871757,449.3183797543046,449.2683693859673
0.4200000000000001,-0.00608947945117,0.00228399344059,10.1653099355,0.0116218798704,0.0244255416887,0.0,-0.0516855229559,0.0212441136562,0.834372307354,0.0618501070577,0.0642081878826,0.0,456.0714436574691,456.36075695630376,453.58844581539864,456.22971328881016
0.48000000000000015,-0.00985275677668,0.00388268980925,10.2240486746,0.0150555625265,0.0281407343445,0.0,-0.0742436050726,0.0325097166161,1.1233277493,0.0458566354868,0.0569004264815,0.0,494.4431582609925,493.9068810310491,494.53587770124955,493.3584246668659
0.5400000000000001,-0.0148312540067,0.00611630774744,10.2919779321,0.01751587257,0.0318516855124,0.0,-0.0920273304668,0.0421799085552,1.14094919884,0.0289128647305,0.0702561510449,0.0,410.7254249402816,411.91113477545343,412.1224694742931,410.62327331898456
0.6000000000000002,-0.0210712327203,0.00903963825272,10.3647513778,0.0196936464095,0.0354926885157,0.0,-0.116413924645,0.0554768628167,1.28466128247,0.0480183256165,0.0227178285493,0.0,453.4822952395215,449.6500210557685,451.7180126428399,453.25644167911787
0.6600000000000003,-0.0288334976315,0.0128076948013,10.4459016392,0.022448682162,0.0368872387111,0.0,-0.142471016355,0.0704241986987,1.42017518857,0.0413454807897,0.0242716157944,0.0,449.1674988749208,449.29352104113775,450.7713102146637,450.2330128174088
0.7200000000000003,-0.0380051029063,0.017417208968,10.530205505,0.0252814647716,0.0384871876259,0.0,-0.163378030369,0.0834482958912,1.38997956271,0.0569226694972,0.0310685441003,0.0,396.3615882206542,396.9859505434552,394.0641463381792,395.5029446479855
0.7800000000000004,-0.0486812833333,0.0230065974744,10.6184094582,0.0290038885825,0.0400132838929,0.0,-0.192679401223,0.103256315046,1.54992778136,0.0706917781666,0.0107182642356,0.0,459.2735676004378,457.6569091084588,456.3619568974119,457.46219012811656
0.8400000000000004,-0.0612173727909,0.0299243787353,10.7179983032,0.0329337237893,0.040956689495,0.0,-0.225275484294,0.127818821445,1.76936375944,0.0522931705855,0.024215320491,0.0,476.72987440396685,477.7598706871697,475.2696825117837,473.86035773439636
0.9000000000000005,-0.0756174166888,0.0383109945579,10.8278789761,0.0367809208052,0.0426469847639,0.0,-0.254885963639,0.152103312849,1.89310398348,0.0809305791294,0.0350963553214,0.0,447.3366983779443,448.2220095190617,446.58295563708964,448.9153810516241
0.9600000000000005,-0.0917834249855,0.0481991527137,10.9440295852,0.0413726295646,0.0448734558063,0.0,-0.284192701004,0.177968909251,1.97840573038,0.0658299280075,0.0408537002697,0.0,436.2679240505385,436.74901498666486,436.3934564397143,435.13591007884287
1.0200000000000005,-0.109543904611,0.0595335311197,11.06065738,0.045585790373,0.0471139168842,0.0,-0.308011855533,0.200162569424,1.90927962848,0.0777998851617,0.0291824065715,0.0,384.5118072808497,383.40545776175895,383.5541390165646,384.69377991221563
1.0800000000000005,-0.129078553216,0.0725715735312,11.1796917014,0.0500941487032,0.0487964427451,0.0,-0.343320544535,0.234927063836,2.05823333048,0.0692059742009,0.0256583539673,0.0,456.49530691037813,456.21421417266345,456.45650412880127,455.7744625621892
1.1400000000000006,-0.150650158473,0.0876696191644,11.3052341782,0.0538846053187,0.0508774482546,0.0,-0.375909429097,0.268722990141,2.12635359803,0.0470134719114,0.0484149326221,0.0,431.35466393007744,433.27255792392424,431.5563574583709,429.68206194962363
1.2000000000000006,-0.174209914928,0.104851374569,11.4346038236,0.0570297353258,0.0537839533148,0.0,-0.409691449178,0.30428108683,2.18581527314,0.0614815843477,0.048495315712,0.0,428.4607876560157,428.4691571961852,428.95873488892556,430.1874000273491
1.2600000000000007,-0.200008322002,0.124393581031,11.5703660994,0.0606586463691,0.0561811721765,0.0,-0.450545977992,0.347506764585,2.33923754893,0.0584043861203,0.0114228882522,0.0,461.1255334722688,458.1884045423873,458.29425975006944,458.0520936225739
1.3200000000000007,-0.228024819714,0.146306472239,11.7103998818,0.0641987211131,0.0572613292967,0.0,-0.483419845668,0.383222572101,2.32854356531,0.0601685140455,0.0286796805168,0.0,406.35279280689826,407.8967639415681,406.18928480167096,406.3502507223021
1.3800000000000008,-0.258528669611,0.170977949164,11.8583043732,0.0685550220577,0.0592610109113,0.0,-0.533583828281,0.439634388679,2.60095580465,0.0900344502866,0.0412965497574,0.0,492.91092532547594,493.8427196156486,494.67090047734456,496.86846950643917
1.4400000000000008,-0.29166726286,0.198653000259,12.0153522263,0.0745239296468,0.0615534927573,0.0,-0.571255635533,0.483384723129,2.63382782358,0.113697818315,0.0311797565017,0.0,423.715160630627,422.84530805978585,421.5170803726609,423.56587572197526
1.5000000000000009,-0.327170058259,0.229143456041,12.1753572124,0.0809522194872,0.0636491117452,0.0,-0.61235865023,0.533593236157,2.69943343176,0.0889144024932,0.0415276164466,0.0,433.235510790047,434.1052359868598,435.249671858166,433.1806341307921
1.560000000000001,-0.365109686715,0.262672298873,12.3381429752,0.0861906482828,0.0659853510695,0.0,-0.652516927918,0.584504435438,2.726615779,0.0838840755002,0.0331770613363,0.0,421.7150341537714,420.99394786576903,422.62550130837366,422.19844796771724
1.620000000000001,-0.405824867482,0.299773694309,12.507395855,0.091145200518,0.0677293113209,0.0,-0.704846408062,0.652733017027,2.91458435277,0.0798238095255,0.0192226382765,0.0,472.92385323852943,471.84799436251467,472.9834996079724,472.6757899938569
1.680000000000001,-0.44954202411,0.340843789321,12.6853259469,0.0964970395352,0.0692359519602,0.0,-0.752517712596,0.716758471621,3.01606253167,0.103329305046,0.0348502674915,0.0,446.6619512958739,447.934734649551,446.52297039144,448.44278539389313
1.740000000000001,-0.496146781374,0.385857016551,12.8692056704,0.102474544503,0.0714261466697,0.0,-0.801179077062,0.784264029125,3.11288386231,0.0909451046684,0.0396189608282,0.0,447.29368058983,447.68246750821316,446.4432963493669,445.44011712799585
1.8000000000000012,-0.545655377285,0.434946912258,13.0579935503,0.107675524551,0.0741992179175,0.0,-0.849352517591,0.852550866296,3.17974445282,0.0764030941543,0.0569181756215,0.0,436.90921844447644,438.3504419434264,438.9801668566644,437.7780171298738
1.8600000000000012,-0.598075639389,0.488174715732,13.2502627617,0.112166557699,0.0779499960181,0.0,-0.898325576455,0.922104757468,3.22897029389,0.0715511532202,0.0718419708723,0.0,431.60566534030767,432.8663057124516,433.8973811726467,433.4943801822436
1.9200000000000013,-0.653527794117,0.54568206946,13.445681086,0.115951682509,0.082396111366,0.0,-0.950491469501,0.995162967611,3.28468163336,0.0350800995084,0.078274569348,0.0,435.0415766235585,435.58427372416185,437.50306483974566,434.4584033325522
1.9800000000000013,-0.712365459309,0.60786559586,13.6464051249,0.11804238006,0.0869896713157,0.0,-1.01122915338,1.07777242876,3.40563327364,0.0343705857103,0.0728892910763,0.0,456.3554083849784,455.92979473124933,457.62452128848184,457.5685164633289
2.0400000000000014,-0.774887073372,0.674966277778,13.853702803,0.120258777948,0.0910786953816,0.0,-1.07323813837,1.15906985866,3.50385949115,0.0416375188037,0.0564170702548,0.0,452.28397290377023,450.95864457786263,449.74358329083077,450.3324165459644
2.1000000000000014,-0.840814793936,0.746465671304,14.0625790483,0.122698757421,0.0951237378876,0.0,-1.12467891622,1.22443085317,3.45871792014,0.0386501121758,0.0833598124135,0.0,402.8580977340792,405.29083160925836,404.91070827658484,404.6428818155293
2.1600000000000015,-0.910437654102,0.822604548892,14.2742509623,0.125558237043,0.100349166927,0.0,-1.1965996633,1.31372404003,3.59640870683,0.0613680810907,0.0936626069412,0.0,463.9990789586374,464.8131206602903,462.5175533757992,464.3046042128868
2.2200000000000015,-0.98395557455,0.90349491561,14.4889028666,0.128781854275,0.105753272129,0.0,-1.25446984743,1.38288915651,3.55862270534,0.0305245813891,0.0816914992555,0.0,408.8422540189256,407.78169213507385,409.697441258888,406.9476363402437
2.2800000000000016,-1.06107702868,0.988625829581,14.7016500393,0.130359545021,0.110620180897,0.0,-1.31667256151,1.45492169653,3.53290022188,0.0161037194422,0.0799375458818,0.0,413.06867106785216,412.9198195720083,412.69768278653504,411.42295004420316
2.3400000000000016,-1.14256889281,1.07873828503,14.917734512,0.131128212515,0.115051133912,0.0,-1.40018348757,1.54881386104,3.669310391,0.00524310360558,0.0574767224798,0.0,465.62018726504255,463.8634435013356,465.71560828216883,464.8651837487632
2.4000000000000017,-1.22860640817,1.17385997827,15.1372095031,0.13109288237,0.118289768888,0.0,-1.46803916602,1.62188805492,3.64649478202,-0.0160217933027,0.0458559675792,0.0,416.05665580919873,415.04001932999665,415.30374557750605,413.43421937408925
2.4600000000000017,-1.31915700164,1.27377407132,15.3584988788,0.130473973022,0.12108012077,0.0,-1.55057249273,1.70841678097,3.72943426761,-0.000826148814538,0.0477745737442,0.0,449.93249152449914,450.0890598692362,448.80631461981585,450.0381551142951
2.520000000000002,-1.41455369343,1.37868336731,15.5833945947,0.130697438668,0.124120732165,0.0,-1.62959358339,1.78849989559,3.76684333674,0.0115497347323,0.0559257903798,0.0,436.41983325285906,437.101388164091,434.65351973003186,435.6895009245652
2.580000000000002,-1.51499415951,1.48864288519,15.8124057967,0.131039387629,0.12783400126,0.0,-1.71875700778,1.87677054242,3.86635995312,-0.00980182015741,0.071726584828,0.0,456.0287879476178,457.2918643194605,456.7908113563156,455.08475955395096
2.640000000000002,-1.62008494493,1.60309852696,16.0413561094,0.130488681825,0.132115505944,0.0,-1.78464733594,1.93836600159,3.76556805991,-0.00795991706142,0.0706121234485,0.0,389.8979032852193,389.7984492870908,390.33516105032174,390.50714439088455
2.700000000000002,-1.72993007327,1.72194532038,16.2696817069,0.130699503294,0.136331859936,0.0,-1.87725697904,2.02308541337,3.84484347113,0.0199639975613,0.0695850265429,0.0,450.3713932545005,450.29200339712577,449.58553693327343,451.84253069540995
2.760000000000002,-1.84516954223,1.84563469176,16.5009289014,0.131907968837,0.140367268191,0.0,-1.96444041482,2.09992949964,3.86315608467,0.0204929196664,0.0621411101003,0.0,431.99720558992385,431.37251855677545,431.9788242748572,432.0234141906779
2.820000000000002,-1.96573441371,1.97396031866,16.7333647576,0.132870749375,0.143944558808,0.0,-2.05473233149,2.17761573678,3.88445533015,0.00520631760985,0.0540374323254,0.0,433.7737935441571,433.09525706200674,433.9155148566478,432.630106893086
2.880000000000002,-2.09176589061,2.1069296754,16.9669080543,0.132895711985,0.146725821095,0.0,-2.14661412446,2.2546362232,3.90011282274,-0.0114876530872,0.0229310211684,0.0,432.8011687385582,430.1760532674712,433.2606954155384,431.8547064559806
2.940000000000002,-2.22350753348,2.24463427092,17.2023442834,0.132092742063,0.148417834597,0.0,-2.24492966959,2.33535266197,3.94747011782,-0.0174714646946,0.0370710259472,0.0,443.331128036366,444.4917671386138,441.86261515255796,441.36909894181196
3.000000000000002,-2.3609092497,2.38690427042,17.4387389983,0.131292457326,0.150289591297,0.0,-2.33535246666,2.40683788678,3.9322981833,-0.00614131647252,0.015610274015,0.0,423.9220027342451,422.07403793083205,422.12613975746626,423.10294238527484
3.0600000000000023,-2.50418991563,2.53379757226,17.6769292313,0.131342417831,0.151107610506,0.0,-2.44075560733,2.4894827784,4.00696829662,0.0120298762752,0.00935438626917,0.0,452.31143545830054,451.80716891844446,451.6547443756817,453.118068730878
3.1200000000000023,-2.65399642583,2.68579254824,17.920730875,0.131986261235,0.151507984523,0.0,-2.55282300544,2.57695687567,4.11917164691,0.00799687173145,0.000683110789946,0.0,465.5560012100881,464.87686180048746,464.498234448078,464.181689108515
3.1800000000000024,-2.81069716094,2.84316775769,18.1722375437,0.133123248557,0.151552456237,0.0,-2.67049820524,2.66882607558,4.26365260218,0.0348469539566,0.000857122429724,0.0,475.7714334871123,475.78474090024145,474.72068597677696,476.77669524070734
3.2400000000000024,-2.97375312663,3.005446997,18.427732884,0.135560867403,0.151220453005,0.0,-2.76475407478,2.74061440098,4.2527571843,0.0502159385776,-0.0230961832091,0.0,428.912081335206,426.8726787249138,427.9340767783496,429.24141943062415
3.3000000000000025,-3.14287408887,3.17242895713,18.6852056727,0.138535677564,0.149544655325,0.0,-2.87247450852,2.82563419875,4.3291977167,0.0482777748294,-0.0399678119972,0.0,457.7045086019071,456.35938677985285,456.3678655190246,456.21458077176874
3.3600000000000025,-3.3180219836,3.34417713685,18.9445194699,0.141488722348,0.146890535094,0.0,-2.96565693464,2.8994964202,4.3145461358,0.0510328006106,-0.0545359932163,0.0,428.5988351196507,427.35743470243693,428.3401914847831,428.576056412142
3.4200000000000026,-3.49930809657,3.52095294959,19.2068331302,0.144705558701,0.143437110342,0.0,-3.07686763939,2.99321981356,4.42863129049,0.0583305611757,-0.0644087629968,0.0,469.60335403488045,468.83467829652886,469.15059928880146,469.71867696915496
3.4800000000000026,-3.68678053965,3.7029773895,19.4730271239,0.148137493049,0.139378306809,0.0,-3.17193584154,3.07449536826,4.44433365811,0.0548347249117,-0.0750653680629,0.0,439.8327355324907,438.94558946831893,440.0665603133891,439.7793317826659
3.5400000000000027,-3.88035327772,3.8904087081,19.7433635907,0.151054005147,0.134855728993,0.0,-3.28002772228,3.17339513868,4.56624263531,0.0317016111399,-0.0760051555456,0.0,473.68907283141715,473.6127072609731,473.7687699661957,471.9877583515104
3.6000000000000028,-4.08062958126,4.08414715828,20.0231681838,0.1528033885,0.130129651457,0.0,-3.39528668149,3.28455208445,4.75961851808,0.0235072345241,-0.0849579006133,0.0,495.8381884580498,495.1756556584054,495.9951533311692,495.3930495373803
3.660000000000003,-4.28678919663,4.28347625594,20.3074201766,0.154112382593,0.124608450557,0.0,-3.47641670645,3.35981760629,4.71564539518,0.0182009594397,-0.11241130473,0.0,425.01960235948997,422.6515994199808,423.852977772379,423.3966471135759
3.720000000000003,-4.49798374875,4.48762230323,20.5909360053,0.154839781501,0.11773523053,0.0,-3.56290368363,3.44504901216,4.73483014904,-0.00422178911908,-0.11922056097,0.0,444.1442272194642,443.57354784582117,445.1547957919929,443.3157452530033
3.780000000000003,-4.71429312986,4.69691015702,20.8758347814,0.154461062709,0.110627411604,0.0,-3.64687808937,3.53108669075,4.76175368731,-0.0108597110009,-0.116992617028,0.0,447.366181997879,447.53507944232524,445.9941100259146,445.451629952212
3.840000000000003,-4.93576094381,4.91164858598,21.1643766862,0.153686861112,0.103835817608,0.0,-3.73476985993,3.62663760511,4.85595352067,-0.0173405963349,-0.106515585691,0.0,467.49770215552013,468.30272478039086,467.68461336244513,467.1796028856653
3.900000000000003,-5.16222298144,5.13183497203,21.4569653524,0.152963098324,0.0971924830239,0.0,-3.81347469981,3.71271330789,4.8969006599,-0.00317848163143,-0.120835935692,0.0,452.5290399581403,451.36385116752143,451.25861093382684,452.4006839476585
3.960000000000003,-5.39309137278,5.35681696199,21.7498094473,0.153599039888,0.0904165488203,0.0,-3.88172065607,3.78665906138,4.86481395351,0.0293415453118,-0.100562456816,0.0,427.5469127006553,429.2589375053983,427.140009452802,429.90491915338174
4.020000000000002,-5.62839293791,5.58695565691,22.0453779499,0.155636588004,0.0840062105971,0.0,-3.96109188923,3.8846627206,4.98688400796,0.0418821007076,-0.123928115296,0.0,478.31784336594575,476.5252900901465,475.2126142948455,476.17345870720163
4.080000000000001,-5.86805528643,5.82246591102,22.3448442889,0.158135800568,0.0774574595569,0.0,-4.02718029581,3.96582254822,4.99531538858,0.0411925920521,-0.0894870686679,0.0,439.894815733332,442.72679731980827,443.7802950147548,443.7246126484874
4.14,-6.11177736086,6.06324237712,22.6471158409,0.160471681748,0.0725539876742,0.0,-4.09647096432,4.06014887462,5.07995452466,0.0339760844402,-0.0695277639316,0.0,466.1100381304219,467.66230505469593,466.38472151182617,465.82130529717364
4.199999999999998,-6.35951671965,6.30955178681,22.9535031066,0.162827889346,0.0686354010192,0.0,-4.16122106479,4.15024100442,5.13264363936,0.0481756326337,-0.0579874002635,0.0,457.26638260564073,458.18190457111467,456.884983445337,458.0166148802218
4.259999999999997,-6.61088472352,6.56080307851,23.260047999,0.165607212071,0.0655200402197,0.0,-4.21757642549,4.2249771554,5.0856937163,0.0423315018326,-0.0419425788162,0.0,424.8044089465093,426.17637156427554,427.0831329911596,426.58563337936795
4.319999999999996,-6.86573703857,6.81688953691,23.5657054474,0.168485000429,0.0637009746478,0.0,-4.27740568531,4.31136554064,5.10269389638,0.0573448100179,-0.0137127956591,0.0,446.2015372863362,448.5002349948358,445.4336048519077,446.6612833609633
4.379999999999995,-7.1239235093,7.07754075407,23.8685358101,0.172052185462,0.063167848166,0.0,-4.32888609916,4.37724633935,4.99206992731,0.0633657647809,-0.000652183936043,0.0,403.14677491439045,404.3255444449546,404.8710206228123,405.4153501164957
4.439999999999993,-7.3853463796,7.34254448442,24.1668169149,0.175503761909,0.0626566543291,0.0,-4.38529060166,4.45642998109,4.95066080274,0.0420759880169,-0.0329457067505,0.0,428.5421529479074,425.7877360604251,428.29650953136934,426.48390348961993
4.499999999999992,-7.65036905113,7.61292185747,24.4659188256,0.178162168777,0.0608641983882,0.0,-4.44869559238,4.55622159378,5.01893172094,0.0484305999749,-0.0243483215818,0.0,462.6708298610089,463.3470934997114,461.4013328769141,461.90386785434833
4.559999999999991,-7.91899100212,7.88875344523,24.7659716539,0.181535118995,0.0599430400171,0.0,-4.505383077,4.63833687302,4.98286667474,0.0684433892218,-0.00165405451557,0.0,429.34089519154116,431.26250775157524,428.7908288672953,430.4901575935952
4.6199999999999894,-8.1911271188,8.16986591145,25.0655601961,0.185652270721,0.060035160048,0.0,-4.56589881568,4.73230133377,5.00308452816,0.0689683306225,0.00725339256395,0.0,448.6990083195059,449.4216824102411,447.49998866473555,447.54624453117697
4.679999999999988,-8.46677305916,8.45622995265,25.3640083079,0.189405508024,0.0601120227815,0.0,-4.62242459331,4.81340196458,4.94526329083,0.044908486968,-0.0146696812734,0.0,423.7683942083796,421.8792636641513,425.05645576918664,422.9919582061955
4.739999999999987,-8.74596948561,8.74794039297,25.6612923827,0.193411918219,0.0591950816268,0.0,-4.68413504205,4.91044101873,4.96391784541,0.0920052974142,-0.0165366915968,0.0,448.70408985978764,448.5525692990426,446.05701469146936,449.8902124013848
4.799999999999986,-9.02871308311,9.04500861794,25.9570206874,0.199012815778,0.0582210862054,0.0,-4.7406969928,4.99220060263,4.89381286368,0.0959055864232,-0.0156332225354,0.0,419.54150735588917,419.62003659810483,419.7040232476518,420.05039280116017
4.859999999999984,-9.31501637343,9.34759287274,26.2512053431,0.204549040535,0.0569520621663,0.0,-4.8027448973,5.09428994023,4.91197160521,0.0837808433402,-0.0354588570965,0.0,450.2296335681015,448.6223533406156,448.3393052928935,447.3599506883283
4.919999999999983,-9.60483492777,9.65564396433,26.5429341871,0.209484024552,0.0547166622964,0.0,-4.85786255318,5.17440738528,4.81264855912,0.0789990169911,-0.0411182694999,0.0,411.44489994460844,410.94264251594507,409.2357164293001,408.81587709341875
4.979999999999982,-9.8979522719,9.96854982649,26.8286893191,0.214596595576,0.0521017207322,0.0,-4.9126827178,5.25610996181,4.71285446839,0.0953855955721,-0.0490306708935,0.0,410.3289581324838,409.6245105517445,407.64639836103737,409.11495922204676
5.0399999999999805,-10.1944144486,10.2866958082,27.1097432885,0.220577060496,0.0487814680248,0.0,-4.9692897336,5.34913501444,4.6556901176,0.107101916404,-0.0725572785875,0.0,423.3804093220924,421.34845947252506,423.48978124134334,424.5056003793875
5.099999999999979,-10.4945202255,10.6117609896,27.3929584227,0.226942543751,0.0443441400914,0.0,-5.03387604612,5.48675425567,4.78389966086,0.103991460525,-0.0769079521067,0.0,482.5530852132499,482.2206924752181,481.69661701257263,481.4702004555256
5.159999999999978,-10.7981805104,10.9438768727,27.6781604146,0.233298034718,0.0398315218918,0.0,-5.08793630881,5.58419138831,4.72295416497,0.109532609431,-0.0720162995259,0.0,422.3030768053968,422.72013532516615,424.61311814509054,425.0986908873894
5.219999999999977,-11.105143553,11.282506254,27.9621634054,0.239655216491,0.0350555625245,0.0,-5.14389993572,5.70385239497,4.74346432427,0.0976175112342,-0.102492311926,0.0,451.5674641399167,449.0963316081095,450.87404040571965,449.91977559376494
5.279999999999975,-11.4155236506,11.6292528938,28.2508422139,0.245172492575,0.0292532986096,0.0,-5.20159831674,5.85464270273,4.87824530669,0.0771461468869,-0.0871086000095,0.0,485.22028093209826,486.3667814414756,487.5388608715552,486.0128074407554
5.339999999999974,-11.7291445599,11.9840087821,28.5431135891,0.249355245548,0.0242907609151,0.0,-5.25215508268,5.97077368892,4.86407178284,0.0475616170849,-0.0751138153692,0.0,440.27253942593563,441.25836792791375,443.81717886148704,441.3852501569868
5.399999999999973,-12.0458059951,12.3463822701,28.8369456618,0.25191079072,0.0205748166618,0.0,-5.3029676862,6.1083098614,4.92985744196,0.030122998287,-0.0437677243569,0.0,466.23004041084084,468.67032073324094,467.76278448268687,466.40336591170416
5.4599999999999715,-12.3654517749,12.7167087172,29.1335279476,0.253820672454,0.0178522905807,0.0,-5.3517722175,6.23581161289,4.95596080279,0.0350455482172,-0.0488009298272,0.0,456.53822504899244,456.13522121274343,455.06021518907005,455.4545113885888
5.51999999999997,-12.6879684504,13.0942091453,29.4298542575,0.256577773539,0.0148717423876,0.0,-5.39867621153,6.34756746985,4.92165110652,0.0617955965812,-0.0514849584349,0.0,437.0223532518377,436.7969314631189,435.4126161459583,437.64653728245025
5.579999999999969,-13.0132523307,13.4779919109,29.722464525,0.260391392379,0.0121186608825,0.0,-5.44404394439,6.44537939414,4.83234853674,0.0668732830191,-0.0365469236209,0.0,416.8116097669763,418.11395295678454,418.2132534463017,418.6586122140914
5.639999999999968,-13.3412500992,13.8677611667,30.01007455,0.264219932583,0.0100194991168,0.0,-5.48917997165,6.5471066203,4.75486947511,0.0568456803367,-0.0320345833281,0.0,420.7944663584384,421.1844012858027,422.1501424775456,421.2869519609966
5.699999999999966,-13.6719933675,14.2648376435,30.2973992672,0.267894970022,0.00812145896614,0.0,-5.53552561032,6.68877234423,4.82201441029,0.0688550728869,-0.0308447838456,0.0,468.10792813607867,468.2002245750908,467.74910127246426,468.68605255932675
5.759999999999965,-14.0055031253,14.6703828355,30.5885010078,0.271684183581,0.006597212178,0.0,-5.58142128871,6.82943735965,4.88077362506,0.0482023231778,-0.0162895336361,0.0,465.46084491117546,466.59867735247326,468.5252196800888,466.91899003605283
5.819999999999964,-14.3417403689,15.083435745,30.8796769601,0.27504481667,0.0054027377742,0.0,-5.62651695327,6.93906019794,4.82517531924,0.0682668300977,-0.0283575923826,0.0,431.5621011751846,430.5420060605664,430.1012212405914,431.7997939749032
5.879999999999963,-14.6807023104,15.5039426931,31.1705571695,0.278882865815,0.00384253826346,0.0,-5.67218128406,7.07786976714,4.87029403218,0.0535745062653,-0.021668285985,0.0,462.8082179185875,463.3344315855394,464.9494607012863,463.79944048990956
5.939999999999961,-15.0223933892,15.932282634,31.4623136144,0.281970826745,0.00258230555194,0.0,-5.71753179338,7.20013828669,4.85476958653,0.0468768307958,-0.0197072323326,0.0,445.21422363702686,445.37469415141106,445.65732909477094,445.11109234286965
5.99999999999996,-15.3668076545,16.3678854873,31.7528599914,0.284881821229,0.00120770092245,0.0,-5.76295864065,7.31994670709,4.83002678942,0.0516084310997,-0.0302393566781,0.0,442.6289485744705,441.7610637265119,442.8409896076773,443.2315716002192
6.059999999999959,-15.7139500164,16.8112329842,32.0438016764,0.287694820561,5.45778237981e-05,0.0,-5.80844529841,7.45821931266,4.86756909496,0.0351902272369,-0.00324952284792,0.0,461.47692687044554,463.60294608040135,463.9761955322104,462.68628224544585
6.1199999999999575,-16.0638285942,17.2628038343,32.3367412852,0.290033411663,6.28311885871,0.0,-5.85426836976,7.59397592229,4.8966615099,0.0456377811049,0.000340516884521,0.0,461.25929251747164,461.5428309693166,460.65618185375934,461.48247358729867
6.179999999999956,-16.4164771374,17.7216010991,32.6283639355,0.293106491558,6.28286595186,0.0,-5.9007862172,7.69929841662,4.82424681514,0.0605273731042,-0.0153885929391,0.0,428.79956072574527,427.4609683088027,428.72747626309405,429.9927931868633
6.239999999999955,-16.7719317538,18.1879407696,32.9196737213,0.297105945948,6.28205411514,0.0,-5.94774177445,7.84530093779,4.88538314972,0.0767260474869,-0.010052052301,0.0,472.1486312996915,472.56039486420815,470.98463167944334,472.2390619834283
6.299999999999954,-17.1302159835,18.6625678722,33.2129853992,0.301695895668,6.28104871856,0.0,-5.99512500073,7.97567612011,4.89125958739,0.0760417563542,-0.0356064316902,0.0,457.10975640454694,455.0682749814728,455.952822084159,455.902596868476
6.359999999999952,-17.4913523697,19.1444505727,33.5047047003,0.30635411179,6.27893952113,0.0,-6.04273589373,8.08724411959,4.8327639916,0.0806485974063,-0.0342622617318,0.0,435.99259891029584,436.10436326005913,434.91311117335994,435.30382234935826
6.419999999999951,-17.8553283385,19.6339929576,33.7958524757,0.312167875125,6.27631904771,0.0,-6.08974719683,8.23094931309,4.87153021751,0.117843796628,-0.0796740012198,0.0,469.29691492805387,465.7562772979524,465.6368302652245,468.54524285779166
6.47999999999995,-18.2221260177,20.1311590378,34.085996007,0.318777929014,6.27164827432,0.0,-6.13667249774,8.34164404838,4.80001601797,0.0868042111814,-0.0744225847331,0.0,432.73109864366023,433.1680529943528,433.26062642169444,430.6528975301948
6.5399999999999485,-18.591686506,20.6355280808,34.3733667848,0.323954792087,6.26695253015,0.0,-6.18181691451,8.47083081047,4.7788691541,0.0852143822969,-0.0873238449901,0.0,449.3405369108259,448.2882587884586,449.38877603721295,449.2659034499587
6.599999999999947,-18.9638647986,21.1485768049,34.6620963022,0.329026026928,6.26181672322,0.0,-6.22383121013,8.63083989652,4.84476551494,0.083096522837,-0.0823509400928,0.0,476.8973072385657,477.271608572469,477.4606685484195,477.30433352585015
6.659999999999946,-19.3386070107,21.6697702914,34.9503688615,0.333840304051,6.25687675867,0.0,-6.26739484219,8.742500119,4.76459366588,0.0738052550886,-0.0822963952796,0.0,431.66290431588357,431.66178716363345,430.4778153933072,429.69602378513787
6.719999999999945,-19.715984166,22.1970049588,35.2318751417,0.338087455316,6.25210381616,0.0,-6.3117017278,8.83225974481,4.61967245559,0.0639394857084,-0.074556724812,0.0,407.5239158965655,408.2096459430478,406.9240250502896,406.0439386473138
6.779999999999943,-20.0958904116,22.7307339583,35.5078339007,0.342030799764,6.2477237871,0.0,-6.35166370995,8.95876442172,4.57900585113,0.0690674408139,-0.0700583044745,0.0,442.267754773652,442.6340442090102,441.5795924180731,442.0057382861083
6.839999999999942,-20.4781872289,23.2718124513,35.7806508143,0.345985845752,6.24342109035,0.0,-6.39140868652,9.07728685929,4.51507457424,0.0587303408241,-0.0752400983849,0.0,433.8536790143672,433.41415491726195,434.99438368656155,434.13093655433676
6.899999999999941,-20.8629411752,23.8191384196,36.0472339333,0.349114916035,6.23843191966,0.0,-6.43357582543,9.16709694676,4.3717800662,0.0338332684369,-0.107796015381,0.0,405.8704656552305,402.93001512297883,407.32219736002395,405.0907558885021
6.95999999999994,-21.2501547898,24.3721269391,36.3060478131,0.350868214576,6.23180915111,0.0,-6.47327389535,9.26590707175,4.25609441059,0.0178789583149,-0.116118650395,0.0,414.3641085219473,413.619784560672,413.48142971927973,412.0733844864989
7.019999999999938,-21.6395439542,24.9320198529,36.5607217507,0.352575018218,6.2248402223,0.0,-6.5059913901,9.39702844295,4.23326003424,0.0439260542444,-0.116209151314,0.0,443.62226697594923,443.60273791661115,443.4249484309667,445.5603047274405
7.079999999999937,-22.0309040424,25.4992733565,36.8127524753,0.355385092518,6.21806749772,0.0,-6.53900847001,9.51144852893,4.16816044571,0.0520939008785,-0.106939620222,0.0,429.10303145502417,429.87756014863953,428.413574164119,429.1090752205397
7.139999999999936,-22.4240929209,26.0738514625,37.0621676875,0.35890315472,6.21129037047,0.0,-6.56694178713,9.64115157056,4.14575786389,0.0692560139485,-0.129030072154,0.0,442.9744291566352,441.14188225239957,443.2396072173248,444.65049999124994
7.1999999999999345,-22.818957093,26.6558567382,37.30929178,0.362667085656,6.20392420637,0.0,-6.59480639914,9.75914440781,4.09198241408,0.0446439827239,-0.112528373474,0.0,431.07505529273726,432.45328573905743,433.3476640474147,431.2761080701523
7.259999999999933,-23.2152094018,27.2458706389,37.5556557901,0.36532697353,6.19717806414,0.0,-6.61320626353,9.90782255596,4.11997390956,0.043699177161,-0.112251172678,0.0,458.94687209775776,458.9580920199944,459.18804663927466,459.1141187669601
7.319999999999932,-23.6125789683,27.8443905624,37.8026691284,0.367736146018,6.1910671802,0.0,-6.63209118882,10.0427218697,4.11383064086,0.0319026570241,-0.0865574479344,0.0,447.51676314668686,449.59455473771396,448.0731115307164,447.11362382986385
7.379999999999931,-24.0110680524,28.4507757741,38.0488034285,0.370043480389,6.18569350676,0.0,-6.65060096891,10.1699774442,4.09075771918,0.0490953938429,-0.0963658663673,0.0,442.59508164917577,441.78007350241563,441.6663211926259,443.08310585598406
7.439999999999929,-24.4103487609,29.0657276328,38.2960254577,0.373115827455,6.17969107711,0.0,-6.65841683719,10.328207568,4.14954124855,0.0551224223394,-0.108638341943,0.0,469.92216623411275,468.9615142829094,468.9164593189102,469.38605030170567
7.499999999999928,-24.8101016796,29.6898712892,38.5460176377,0.376166246695,6.17338586675,0.0,-6.6663099448,10.4764412877,4.18325694698,0.0404970103044,-0.0987965347501,0.0,461.6904600080185,462.4572711030052,462.6257247931248,461.4739109293866
7.559999999999927,-25.210490862,30.3220994706,38.7960222806,0.378673894604,6.16815603615,0.0,-6.67969822841,10.5977400976,4.1503917105,0.0442691039809,-0.0705571918738,0.0,439.2402964225591,441.5698564874114,439.8204815097288,440.13382061357163
7.6199999999999255,-25.6117462106,30.9612188149,39.0431590127,0.381158721104,6.16443504211,0.0,-6.69528199616,10.7061878858,4.08776721501,0.0349868062271,-0.0488638275105,0.0,428.7533680803754,430.5899107042298,429.7105954574245,428.92375196689846
7.679999999999924,-26.0138841844,31.6068848414,39.2867269411,0.383593127251,6.16206361514,0.0,-6.70919994999,10.8158998798,4.03135185918,0.0498925627975,-0.0254258036076,0.0,430.38328052788586,432.3620451466122,430.2035682720406,431.46508171102937
7.739999999999923,-26.4164430858,32.2603342858,39.5299548806,0.387325110069,6.16052176186,0.0,-6.70944801638,10.9655133272,4.07566200735,0.0795002768773,-0.0262465986202,0.0,465.3200965828864,465.2557324320282,463.89083385841735,466.2129440188492
7.799999999999922,-26.8190467663,32.9226478244,39.7755260449,0.392481825139,6.15910987699,0.0,-6.71070893265,11.1115313148,4.10938663124,0.0964372184161,-0.0185901414709,0.0,462.85470191386435,463.4569903448083,462.39881598438996,463.73714191262974
7.85999999999992,-27.2214235666,33.594673831,40.0252935242,0.398690772794,6.15759087359,0.0,-6.70196605102,11.289217456,4.21493833669,0.11476405505,-0.0442576341154,0.0,489.2001443889095,487.2845306719476,486.73520539463,488.11329727615197
7.919999999999919,-27.6237984234,34.2757863644,40.2774494826,0.405585640996,6.15526721519,0.0,-6.7104900079,11.4147318159,4.18985403487,0.115213339393,-0.0294880204909,0.0,446.54447870924946,447.7472584791541,448.04953243033765,448.09773469307623
7.979999999999918,-28.0265184594,34.9649668605,40.5291726434,0.412656801404,6.15327179606,0.0,-6.71354030703,11.5580661982,4.20020886571,0.122664002992,-0.0421236995451,0.0,460.91026740791256,459.9098472981101,460.58532308069596,461.18625567247483
8.039999999999917,-28.4295468092,35.6623972778,40.7805177022,0.41988866422,6.15034899409,0.0,-6.72070042583,11.6898160483,4.17748121556,0.11588680429,-0.067074767403,0.0,452.4888846989364,450.47354397068125,450.7804989199996,450.24521547326674
8.099999999999916,-28.8330074225,36.3677191337,41.0302913092,0.426661752127,6.14641002108,0.0,-6.72785757582,11.8211028694,4.14796475223,0.106086313912,-0.0629427469982,0.0,449.6428405595218,449.9744296495358,449.85024581719057,449.0668292628135
8.159999999999915,-29.2365175971,37.0820180299,41.2805635119,0.433534402064,6.1432519754,0.0,-6.72242793232,11.9888439333,4.19352849022,0.127592502458,-0.0374422990499,0.0,474.9479920155882,476.89852399382164,474.7493825451612,476.4076344909679
8.219999999999914,-29.6405021024,37.8039934308,41.5282281652,0.441537355496,6.14140097792,0.0,-6.74366999818,12.0774075639,4.06215709856,0.142978659897,-0.0201572628721,0.0,415.78516869720755,417.2968415820073,414.4629482247208,415.8310669707662
8.279999999999912,-30.0447412294,38.5344064649,41.7744466329,0.450079849506,6.13992219599,0.0,-6.73115017071,12.2696863612,4.14360903613,0.141140662392,-0.0356142769844,0.0,490.5386251386644,489.3890772839057,489.3165188581341,489.1964841109851
8.339999999999911,-30.4489400645,39.27430552,42.0210280232,0.458469454419,6.13814433666,0.0,-6.74216405615,12.3938968545,4.07540426535,0.137063530039,-0.0197607370728,0.0,440.92727550791733,442.2351844083378,442.8695208311205,442.5521643593765
8.39999999999991,-30.8540036207,40.0211160526,42.2622424413,0.466515194262,6.13757659304,0.0,-6.75999968398,12.50009273,3.96498430158,0.12738670263,0.00572251064405,0.0,427.2374102259013,429.40549276804006,427.38740268535577,426.57886407829784
8.459999999999908,-31.2593753666,40.7767415607,42.5015366736,0.47384684385,6.13753250423,0.0,-6.75267605576,12.6872492626,4.01018260639,0.109005552178,-0.018566904958,0.0,483.80234187493835,481.9695264637759,482.7997590342458,481.42255722124065
8.519999999999907,-31.6650881857,41.5412777992,42.7388649893,0.480095728117,6.13730337029,0.0,-6.77113074086,12.7974354838,3.90077916558,0.0920454392341,0.0158224037189,0.0,429.2366875357978,432.1463551373565,432.23985158727976,430.81732033625445
8.579999999999906,-32.0721010231,42.3118860239,42.9685618255,0.485506839244,6.13830929617,0.0,-6.79603404727,12.8896292818,3.75606435748,0.0861808543805,0.0185876559864,0.0,417.4617964692669,417.70304527437685,418.0927251559967,417.58861371884484
8.639999999999905,-32.4803852551,43.0888109263,43.191075828,0.490444350693,6.13899173766,0.0,-6.81357614089,13.0078063774,3.66100663455,0.0730917035435,-0.00974111284662,0.0,436.91742438114903,434.54825142755493,436.2847072281162,435.1956681233374
8.699999999999903,-32.8897284178,43.8728594487,43.4079698131,0.495529302865,6.13815793909,0.0,-6.83124403035,13.1270996473,3.56882616192,0.101382389707,-0.0238711969348,0.0,437.53185578843977,436.35352737622827,435.4261092737907,437.7930230476099
8.759999999999902,-33.2996329101,44.6657194786,43.6223829866,0.501559697927,6.13748182219,0.0,-6.83240019303,13.3013057731,3.57741344427,0.0986962759489,0.00633340608408,0.0,471.96891566526006,474.2952061164425,472.4773786898305,472.27823489254246
8.8199999999999,-33.7105381482,45.4660495144,43.8318125637,0.507541629729,6.13757903646,0.0,-6.86446283719,13.3766125431,3.40406551289,0.101630714978,-0.0100411948611,0.0,408.91742104197374,407.45552609607483,407.14986485850505,407.42197217833774
8.8799999999999,-34.1222011675,46.2748323955,44.0378979886,0.514938572896,6.13758255908,0.0,-6.8579394029,13.5824098141,3.4640102924,0.14835966972,0.0150240196739,0.0,490.24520310451715,492.1047060442562,489.7025692875004,493.1783555939464
8.939999999999898,-34.5348315427,47.0915534018,44.2396248891,0.523615267194,6.13835401239,0.0,-6.89646308354,13.6420998932,3.26064574159,0.135813731509,0.00812851582401,0.0,397.51308942270055,396.8803293204148,399.61376670006564,398.4900433198919
8.999999999999897,-34.9487545291,47.9154908372,44.4353543122,0.531788248125,6.13966476491,0.0,-6.90132401254,13.8222546949,3.2624438108,0.137008792694,0.0405301727922,0.0,473.08401552745414,475.5732022722996,474.61591924252605,474.72351362136897
9.059999999999896,-35.3630475573,48.7501950125,44.6309516851,0.539985987275,6.14258208659,0.0,-6.90891381909,14.0009214049,3.25616371452,0.135859218956,0.0612304196328,0.0,474.04264656872004,475.6324368337259,474.5261373283431,474.45381860975067
9.119999999999894,-35.7784559545,49.5935069508,44.8225004627,0.548351844482,6.14650561078,0.0,-6.93834928429,14.109524381,3.12841657838,0.145751383323,0.0726289406742,0.0,432.4618690853286,433.4245543559334,433.4464416723068,434.29580032636323
9.179999999999893,-36.1951028358,50.4456174035,45.010008875,0.556890975685,6.15045876924,0.0,-6.95046787476,14.2937641938,3.12036305443,0.134386257228,0.0468854162738,0.0,478.42058804580915,476.45847386465925,479.69585088284754,478.8489082503004
9.239999999999892,-36.61326178,51.3060137902,45.1924419869,0.564657759592,6.1530451902,0.0,-6.98838416597,14.3862606254,2.96070808785,0.11708417911,0.0342147854254,0.0,425.86080815473383,424.77623736061736,426.34907943480465,424.883556026933
9.29999999999989,-37.0339521419,52.1711048747,45.3639125814,0.571463830662,6.15476395127,0.0,-7.0347369871,14.4504000109,2.75549334281,0.10490694961,0.0141584353342,0.0,407.38087416854415,405.58297985265926,407.79500847099627,406.7179577063331
9.35999999999989,-37.4566725461,53.04334101,45.5282047194,0.578249115698,6.15526119611,0.0,-7.05624763574,14.6237378075,2.72006032886,0.125800117875,-0.00728808174223,0.0,471.48017131233416,469.819568313546,470.4746634403196,472.10050391989665
9.419999999999888,-37.8809683769,53.9249399582,45.6887186022,0.586440701547,6.15475924145,0.0,-7.0871454189,14.7628423192,2.62992857947,0.152166437098,-0.0106137849054,0.0,453.498958485807,453.23175721874577,451.527094323229,453.66643661182684
9.479999999999887,-38.306586233,54.8173429444,45.8474097735,0.595557211386,6.15428889736,0.0,-7.10048179142,14.9834277048,2.65805281213,0.151489364038,-0.00279846753277,0.0,497.4039475165887,497.9762935486144,496.27608404372415,496.24547177775696
9.539999999999885,-38.7339335957,55.7191785294,46.0020008989,0.60466288982,6.15379746525,0.0,-7.14458565726,15.0780352176,2.49499121703,0.152299049267,-0.0220696083092,0.0,431.7246062690995,430.0948645858344,429.2814724960855,429.3727831745642
9.599999999999884,-39.1640285761,56.6264332938,46.146358468,0.61383585105,6.15247326409,0.0,-7.19202513679,15.1641626415,2.31712253887,0.154023712794,-0.0220708413163,0.0,423.861845675516,423.8616982043684,424.0700355672869,424.2414838326106
9.659999999999883,-39.5968258129,57.5396641328,46.2811196229,0.622894317806,6.15122380377,0.0,-7.23471171073,15.2770516808,2.17476015909,0.144056317063,-0.0184413345623,0.0,438.21919511661304,438.52093378054275,437.87153585006,437.0629697865153
9.719999999999882,-40.0321447857,58.4600229533,46.4077557525,0.631908533748,6.14972421806,0.0,-7.27610562106,15.4016564051,2.04617856964,0.160367546342,-0.0432042701248,0.0,445.4993616028026,443.46885872463736,442.40155911950467,443.76423318695333
9.77999999999988,-40.4696281734,59.3894375644,46.5287395177,0.641552016452,6.14696166155,0.0,-7.30688917336,15.5786642181,1.9856728146,0.161428714085,-0.0524260261756,0.0,471.1426364612251,470.42767471828284,470.8936165196862,470.9986876902937
9.839999999999879,-40.9096508742,60.3266096702,46.6421300408,0.651605397595,6.14436559319,0.0,-7.36063648094,15.660886029,1.79430179754,0.177613621915,-0.0293815106858,0.0,419.87868566091015,421.8728561852034,420.3064365263381,421.73576616576685
9.899999999999878,-41.35245803,61.2708313856,46.7467231459,0.66210500048,6.14261688061,0.0,-7.39986849409,15.8131504028,1.69137833339,0.169166531483,-0.0286768233311,0.0,456.64883686003293,456.7048489299347,457.1066280103507,456.4612078396168
9.959999999999877,-41.7976578834,62.2242487158,46.8450791146,0.672203918289,6.14056946394,0.0,-7.44039476112,15.9673586604,1.5864552939,0.16655859282,-0.048186129701,0.0,457.5496166981048,455.99256050506483,459.0209722210678,458.8400065682014
10.019999999999875,-42.2454637896,63.1863748076,46.936338233,0.682765064053,6.13731472354,0.0,-7.48667676015,16.103629298,1.45511506767,0.190242589373,-0.070512788916,0.0,449.73690492768685,447.9219496343999,448.0978643813014,450.0488724513586
10.079999999999874,-42.6949283693,64.161676931,47.0257114815,0.694581007303,6.13266526987,0.0,-7.49585255385,16.4055395181,1.52141537727,0.207741150227,-0.097510011268,0.0,525.6688631203313,523.7899476930892,524.9032778943171,526.1477211012708
10.139999999999873,-43.1467648274,65.1475693057,47.109758816,0.706836738081,6.12703653542,0.0,-7.56547374784,16.4584857225,1.28079944181,0.196209347733,-0.0872918890265,0.0,409.2508212124072,410.15149047471976,409.06445198985267,408.08056395678807
10.199999999999871,-43.6024164326,66.1384074851,47.1813442828,0.71849595886,6.12165353283,0.0,-7.62309009366,16.569930112,1.10535148496,0.190253225511,-0.0950663698862,0.0,437.29099791232727,436.6356602604592,436.05860902308626,435.5981661266964
10.25999999999987,-44.0615010011,67.1362684077,47.2426747446,0.729750879644,6.11557656063,0.0,-7.67990847303,16.6925156266,0.938942653162,0.181628822235,-0.118139715062,0.0,441.16456962191995,439.2449858556307,440.7962154264934,440.1170558706453
10.319999999999869,-44.5241315219,68.1411681338,47.293570986,0.740575392224,6.10860290587,0.0,-7.74124813233,16.8046981901,0.757842864853,0.177852992293,-0.112657238193,0.0,433.0012199207132,433.4499481676174,434.45292650849416,434.16834846231166
10.379999999999868,-44.9906260264,69.1523236285,47.3330130287,0.751049903129,6.10267333276,0.0,-7.80872756747,16.9010997055,0.55731479231,0.167059203202,-0.0800449381406,0.0,423.1185013175559,425.9087803611267,424.37341322896475,423.4762682687421
10.439999999999866,-45.4611568018,70.1695569256,47.3606961419,0.761352104649,6.0980819317,0.0,-7.87585494326,17.0070931874,0.365709742946,0.17965705706,-0.0702788416002,0.0,427.19700424051103,428.0244531169552,426.2161037065869,427.3214356008735
10.499999999999865,-45.9353087653,71.1949082622,47.3786751453,0.7725419316,6.0935331293,0.0,-7.9295790186,17.1712604469,0.233061996978,0.197504293529,-0.0901726304423,0.0,454.49396762826706,452.8913603113645,452.37419616663095,453.84240190378466
10.559999999999864,-46.4129666869,72.2293631667,47.3878182045,0.785101736227,6.08837626978,0.0,-7.99271261235,17.3108384211,0.0713717633092,0.226122939958,-0.0786159072539,0.0,441.84663428045224,442.7926614337249,440.4657350769255,442.8697714516672
10.619999999999862,-46.8947713072,73.2712510012,47.3861828939,0.798549970092,6.08325816491,0.0,-8.06783444256,17.4192587789,-0.126036259387,0.219845404411,-0.104054475318,0.0,428.6707459526109,426.4957747964389,425.8209319196393,425.33554645602004
10.679999999999861,-47.3800853642,74.3235429475,47.376357886,0.811517908098,6.07690740052,0.0,-8.10984800594,17.6567676654,-0.202860115175,0.207438408318,-0.109690831006,0.0,482.9222721167124,482.48789398988316,481.83444368320045,480.93722388188854
10.73999999999986,-47.8682551091,75.3892382747,47.3609253455,0.823702068954,6.07073777359,0.0,-8.16300522924,17.8662225285,-0.312496346596,0.192484840218,-0.0917822139379,0.0,469.98692664597564,471.3648580619448,472.68441065116633,471.56769042257423
10.799999999999859,-48.3596672462,76.4676536854,47.3389135288,0.835677614636,6.06525708389,0.0,-8.21800291611,18.0806332922,-0.422184927717,0.210946673045,-0.0904847064147,0.0,473.2839633539275,473.3774199755583,474.20825025653374,475.6607838117035
10.859999999999857,-48.8550520239,77.5570513101,47.3084811908,0.848329998009,6.0602334144,0.0,-8.29539998425,18.2328031944,-0.592640807419,0.210725678953,-0.0728216825717,0.0,448.70269874215234,450.12931188329725,447.9893514915482,448.01479516119747
10.919999999999856,-49.355676101,78.6540455582,47.2663611059,0.861108981983,6.05550268087,0.0,-8.39260528613,18.3342126997,-0.811278496877,0.21714653748,-0.0949731637977,0.0,426.84911426205866,424.9479090934813,425.56941336444714,426.16580086863337
10.979999999999855,-49.8608058641,79.7619354377,47.2151548996,0.873729994285,6.05016225898,0.0,-8.44592530402,18.5947641935,-0.897097401813,0.191160895851,-0.079164697009,0.0,490.67730702789555,491.8441648380433,490.9510698913442,489.05675836883364
11.039999999999853,-50.370478608,80.8815570676,47.1553827984,0.885490317306,6.04559030989,0.0,-8.54380364555,18.726264209,-1.09533089869,0.204251842749,-0.0708477496541,0.0,438.87197066873614,439.5574525267409,440.3988299476368,441.5185358756962
11.099999999999852,-50.8861252649,82.009238197,47.0837898435,0.898294562218,6.04195666613,0.0,-8.6451739959,18.8633027551,-1.29137031331,0.227266872109,-0.0453937560732,0.0,440.354315489547,442.4532134091093,440.9412585518624,442.8840589500424
11.159999999999851,-51.4080957852,83.1449215185,47.000160887,0.911668558073,6.03875653352,0.0,-8.75469549627,18.9929670086,-1.4966651016,0.212324185093,-0.0781535247969,0.0,439.71286718582945,436.98667324103354,438.59884581236514,437.4051819474939
11.21999999999985,-51.9358476415,84.2914688014,46.9064966038,0.924343576342,6.03412286684,0.0,-8.83809610696,19.2247313835,-1.62658514556,0.209015239888,-0.0754387677622,0.0,478.58057660394303,478.78301135593057,478.53244512947686,478.32086266848916
11.279999999999848,-52.4699624607,85.4482417813,46.8021367055,0.937008076214,6.02926201589,0.0,-8.96655607411,19.3349328994,-1.85195197339,0.214899001121,-0.0955153570581,0.0,432.43576688848503,430.734508960635,430.3420139818594,430.8854664255893
11.339999999999847,-53.0120805084,86.6113650476,46.6840015183,0.949666550962,6.02356485589,0.0,-9.10489376239,19.4366462337,-2.0855819894,0.201686780922,-0.0938512022792,0.0,426.17127819252926,426.3055082791179,425.6977669595565,424.61091734561415
11.399999999999846,-53.5611528982,87.7853995978,46.5552215561,0.963404543411,6.01734669776,0.0,-9.19882843285,19.6972094627,-2.20832316796,0.257498596337,-0.144845273591,0.0,488.25927945145315,484.4279645194601,484.24566663747305,488.47167816007607
11.459999999999845,-54.1173366778,88.9713604311,46.41631751,0.978390061378,6.00807590042,0.0,-9.3417583161,19.8357940739,-2.42188314344,0.226115200224,-0.193675705134,0.0,443.3856966716786,439.3280288671578,440.4932077480928,437.95084080001544
11.519999999999843,-54.6830607604,90.163698441,46.2631759408,0.991720851481,5.99610364759,0.0,-9.51664892298,19.910916146,-2.68167706373,0.212862061925,-0.215040967423,0.0,411.19446409512733,409.252798422945,411.1941556087779,410.0708472788364
11.579999999999842,-55.2590443979,91.3621823015,46.0954726361,1.00458558595,5.98303460128,0.0,-9.6838402722,20.0404311939,-2.90750115109,0.21734006468,-0.224033099122,0.0,427.16269821315484,426.3454908828235,427.2799610783705,427.70911997068816
11.63999999999984,-55.8449847049,92.5696152362,45.9149054825,1.01747460004,5.96982817567,0.0,-9.84868269231,20.2090340655,-3.11073908773,0.209232662518,-0.213239417699,0.0,437.5066535442418,438.35609182161255,437.8398965127401,437.2107803187621
11.69999999999984,-56.4407404517,93.7883441403,45.7227937186,1.03004919263,5.95707791734,0.0,-10.011181316,20.4166577104,-3.29256766981,0.21025439697,-0.211075692049,0.0,447.9010971002894,448.0329988291444,449.31440442432086,449.43998645971493
11.759999999999838,-57.0464252013,95.0200754563,45.5200081038,1.04348480383,5.94474924643,0.0,-10.1798448944,20.6424011022,-3.46672033891,0.242543271712,-0.196154777733,0.0,451.57482620055265,452.73661852162206,450.48424743122325,453.1365884574398
11.819999999999837,-57.6636638058,96.2629311768,45.3052374136,1.05797523047,5.93282769596,0.0,-10.3963783968,20.7883421162,-3.69158876994,0.23935443809,-0.204313520646,0.0,416.8601889445419,416.10452779212676,416.42428897546404,416.20769072232855
11.879999999999836,-58.2937402323,97.5161597319,45.0777695434,1.0720021279,5.92079002899,0.0,-10.6079880428,20.987904831,-3.89023313641,0.219316482003,-0.194131749443,0.0,431.5733870388845,432.3916484808825,432.8278205478336,431.1928543709061
11.939999999999834,-58.9350384854,98.7860235999,44.8407915014,1.08484311857,5.90901126297,0.0,-10.770903152,21.3414699927,-4.00956122612,0.200483478994,-0.201068107572,0.0,485.7490116144742,485.19414853509016,485.2533633958305,483.877538598646
11.999999999999833,-59.5883270412,100.073322041,44.5945131231,1.09719094361,5.89679140238,0.0,-11.0074132228,21.5706416512,-4.19898061833,0.214719047827,-0.209429858953,0.0,436.1338423570054,435.3927365217495,437.00893284708354,438.23669133385016
12.059999999999832,-60.2571346943,101.372865615,44.3360140701,1.10978525429,5.88429459937,0.0,-11.2882476777,21.750519688,-4.41648148942,0.197955459045,-0.206078007616,0.0,410.72511907650943,410.9759099955434,410.68664995229335,409.24327867293374
12.11999999999983,-60.9400963349,102.690431321,44.0679727221,1.12225559518,5.8715681131,0.0,-11.4800165909,22.1692508566,-4.51861078892,0.222540698758,-0.22823150562,0.0,494.6492651430389,492.97424836664044,492.03051079772933,493.88536965790985
12.17999999999983,-61.6366357555,104.030328315,43.792279187,1.13574033906,5.85783781136,0.0,-11.7408026409,22.4965047312,-4.67083375966,0.228819306346,-0.230078098228,0.0,457.7161178174726,457.5186412411806,456.8345296392865,457.3836844692523
12.239999999999828,-62.3501308912,105.388971622,43.506863995,1.14937322965,5.84442288421,0.0,-12.0453626436,22.7948611032,-4.84234948242,0.223802654219,-0.213032975421,0.0,438.52583758806355,439.88974568177866,439.7980613024164,439.4339953209527
12.299999999999827,-63.0816812297,106.767818877,43.2120187276,1.16236735838,5.83137423822,0.0,-12.3431314816,23.1694953401,-4.98554019249,0.195424394457,-0.228286461853,0.0,460.03184455483046,458.77631616932644,461.90110003875947,459.7001109615819
12.359999999999825,-63.8304933652,108.17221785,42.9097379937,1.17393729022,5.81770987018,0.0,-12.621136933,23.6462027847,-5.09030028101,0.187075995683,-0.226669350379,0.0,489.0953632749375,489.1695239424253,490.4865267689297,489.8981969205389
12.419999999999824,-64.59809966,109.603340411,42.6002252219,1.18512783108,5.80420500666,0.0,-12.9696309733,24.0615271907,-5.2259248149,0.185352084259,-0.222085416135,0.0,460.56666193924497,460.88096271874883,461.43072962628116,461.3269058160065
12.479999999999823,-65.3873395659,111.060307471,42.2828189838,1.19575976266,5.79118380579,0.0,-13.3426780567,24.5079238984,-5.35339588818,0.151213341404,-0.208454337909,0.0,462.2947417794303,463.32349247224136,464.6754829271734,462.01790963745646
12.539999999999822,-66.2014297592,112.542134303,41.9569069243,1.20459472591,5.77864125617,0.0,-13.7978618614,24.891387145,-5.50851573066,0.137842466678,-0.210243365286,0.0,428.3323235496028,428.13522004832726,428.6583539868231,427.5409986030719
12.59999999999982,-67.0414860148,114.051765115,41.6234975234,1.21297045494,5.76566812689,0.0,-14.2091148996,25.4338194935,-5.60382090536,0.142885721021,-0.232137507391,0.0,477.5516374183619,475.83435934803106,474.30897848928123,474.7130636168511
12.659999999999819,-67.9103259962,115.589868117,41.282790961,1.22156982212,5.75162369301,0.0,-14.7570028612,25.8432796461,-5.75064940829,0.144181891976,-0.238249887723,0.0,410.5916953188838,409.9890163752978,411.12956820516325,411.2654440776252
12.719999999999818,-68.8120929852,117.15551759,40.9343168185,1.23012227609,5.73708023959,0.0,-15.307445958,26.3521414604,-5.86294609407,0.139042857518,-0.252298097028,0.0,431.65446470993203,430.40547280175895,432.35895334474037,431.94505952989294
12.779999999999816,-69.7468378448,118.755066517,40.5802261114,1.23822676443,5.72215974006,0.0,-15.8570630556,26.9734585616,-5.93796629012,0.125654868029,-0.242279409394,0.0,454.68803218604296,455.4299162102532,457.51634054450636,456.4647612637776
12.839999999999815,-70.7168939827,120.391921956,40.2215647946,1.24605817789,5.70758919498,0.0,-16.4850057586,27.596897647,-6.01484983169,0.138809564654,-0.243990471983,0.0,437.00656043325677,436.80373274542535,435.37669709216004,436.4924067606988
12.899999999999814,-71.7257644947,122.068439809,39.8589600714,1.25430250254,5.69293955992,0.0,-17.1518696592,28.2963971913,-6.06950118081,0.134441376442,-0.24450228202,0.0,443.119685563894,443.0177417121524,442.3231595353546,441.98065342483414
12.959999999999813,-72.7753728894,123.790218193,39.4940198482,1.26282597249,5.67841824874,0.0,-17.8441504676,29.1062396966,-6.09277477475,0.154066166067,-0.23748141333,0.0,459.450716136889,459.9508543491344,459.3363033583433,460.90853371624394
13.019999999999811,-73.8679238585,125.563444819,39.128379534,1.27384489843,5.66396194386,0.0,-18.5849310831,30.0125879354,-6.09339702998,0.213409570108,-0.248928775725,0.0,469.4541763492054,468.5097343672915,467.34515996918424,471.97769015744325
13.07999999999981,-75.0060958586,127.394986719,38.7634794404,1.28661334605,5.64855918696,0.0,-19.3666940694,31.0518676735,-6.06878646656,0.211577461272,-0.280584186173,0.0,489.4447238335902,487.02060286266993,487.90305665741465,487.8064329919801
13.139999999999809,-76.2003498382,129.283241973,38.3978640258,1.29929245899,5.63190023093,0.0,-20.4541419783,31.9090062174,-6.11532048588,0.210796577848,-0.27235664627,0.0,367.1526994395665,367.8728889800845,367.74884533504064,367.72566169135905
13.199999999999807,-77.4574846516,131.233226143,38.0318190395,1.31212726235,5.61600719516,0.0,-21.4659483625,33.1092834194,-6.08417192257,0.21950461257,-0.253068117276,0.0,460.58755887903914,462.0428905776256,459.8264994436207,460.55947859786176
13.259999999999806,-78.7799097728,133.257710123,37.6676476683,1.32533065244,5.60143922369,0.0,-22.6330363108,34.3953654944,-6.05272525208,0.221136069461,-0.227672244906,0.0,438.7021014562821,440.7463626197599,440.544907132245,440.7282359178311
13.319999999999805,-80.1778843592,135.362061967,37.3053182646,1.33923205474,5.58795383363,0.0,-23.9873133344,35.7752400701,-6.02259820232,0.247132325869,-0.219492959124,0.0,410.86772747422106,411.53800188516936,411.9458067649342,414.2962430374152
13.379999999999804,-81.661536608,137.554852423,36.9452755018,1.35415370878,5.57506007989,0.0,-25.4930640254,37.3475447435,-5.97691860049,0.251642168651,-0.207014566917,0.0,414.8459604831812,415.8915057009085,414.0819970334778,414.545603027394
13.439999999999802,-83.2356146297,139.85446994,36.589684113,1.36935633192,5.56281610382,0.0,-27.0076479618,39.3392677493,-5.87517718255,0.256632148035,-0.198748531719,0.0,498.9856443437925,499.5530468805386,498.9680919342048,499.38907620009184
13.499999999999801,-84.9102261958,142.277518451,36.2397495372,1.38452839639,5.55068345051,0.0,-28.8494720711,41.4698988605,-5.78775353628,0.244034508151,-0.210218963284,0.0,457.58973734152676,456.63624032442453,456.68001799773907,455.7358220560456
13.5599999999998,-86.7047515703,144.835688734,35.8951244064,1.39887907556,5.53811981753,0.0,-31.0113868844,43.8531080552,-5.69723182052,0.227097275341,-0.207795526673,0.0,432.5313027958141,432.69097683262464,434.492613506895,433.1279692185818
13.619999999999798,-88.6397860153,147.546406257,35.5562509545,1.41257874738,5.52580080202,0.0,-33.5422783491,46.5665234755,-5.59504762143,0.23067758285,-0.200778210824,0.0,410.15884479384835,410.7366444168582,410.8837044706665,411.25756614325115
13.679999999999797,-90.7360127413,150.0,35.2245849914,1.42648069493,5.51361742196,0.0,-36.3977517492,49.8238691402,-5.45704014665,0.233663972893,-0.208044243375,0.0,445.3457719281197,444.7103100726544,445.0292057009659,445.3269962611113
